60
 0  33  20  17      0   3   2   1   2   3   0   1   0   0   0   0   1   0   0   0   0   0   1   0   1   0   0   0   0   0   0   1   0   0   0   0   0   0   0   0   0   0   0   0   0   0   0   0   0   0   0   0   0   0   0   0   1   0   0   0   0   0   0   0
 1  35  25  10      3   0   2   2   2   0   0   0   0   0   0   0   0   0   0   0   0   1   0   0   0   0   0   0   0   0   0   0   0   0   0   0   0   0   0   0   0   0   0   0   0   0   0   0   0   0   0   0   0   0   0   0   0   0   0   0   0   0   0   0
 2  26  29  15      2   2   0   2   2   1   0   0   1   0   0   0   0   1   0   0   1   0   0   0   0   1   0   0   0   0   0   0   0   1   0   0   0   1   0   0   0   0   0   0   0   0   0   0   0   0   0   0   0   0   0   0   0   0   0   0   0   0   0   0
 3  28  29  13      1   2   2   0   1   4   1   0   1   0   0   0   0   0   0   0   0   0   0   0   0   0   0   0   0   0   0   0   0   0   0   0   0   0   0   0   0   0   0   0   0   0   0   0   0   0   0   0   1   0   0   0   0   0   0   0   0   0   0   0
 4  27  31  12      2   2   2   1   0   3   0   0   0   0   0   0   1   0   0   0   0   0   1   0   0   0   0   0   0   0   0   0   0   0   0   0   0   0   0   0   0   0   0   0   0   0   0   0   0   0   0   0   0   0   0   0   0   0   0   0   0   0   0   0
 5  18  37  15      3   0   1   4   3   0   0   0   0   0   0   1   0   0   0   0   0   0   0   0   0   0   1   1   0   0   0   0   1   0   0   0   0   0   0   0   0   0   0   0   0   0   0   0   0   0   0   0   0   0   0   0   0   0   0   0   0   0   0   0
 6  32  32   6      0   0   0   1   0   0   0   2   0   1   1   0   0   0   0   0   0   0   0   0   0   0   0   0   0   0   0   0   0   0   0   0   0   0   0   1   0   0   0   0   0   0   0   0   0   0   0   0   0   0   0   0   0   0   0   0   0   0   0   0
 7  23  34  13      1   0   0   0   0   0   2   0   0   0   2   4   0   0   0   0   0   0   0   1   0   0   0   0   0   0   0   0   0   0   0   0   0   0   0   0   0   0   1   0   0   0   0   0   0   0   0   0   1   0   0   0   0   1   0   0   0   0   0   0
 8  30  28  12      0   0   1   1   0   0   0   0   0   3   2   1   0   0   0   0   0   1   0   0   0   0   0   0   0   0   0   0   0   0   0   0   1   1   0   0   0   0   0   0   0   0   0   0   0   0   1   0   0   0   0   0   0   0   0   0   0   0   0   0
 9  26  33  11      0   0   0   0   0   0   1   0   3   0   2   3   0   0   0   0   0   0   0   0   0   0   1   0   0   0   0   0   1   0   0   0   0   0   0   0   0   0   0   0   0   0   0   0   0   0   0   0   0   0   0   0   0   0   0   0   0   0   0   0
10  38  19  13      0   0   0   0   0   0   1   2   2   2   0   1   0   0   0   0   0   1   1   0   1   0   0   0   1   0   0   0   0   0   0   0   0   0   0   1   0   0   0   0   0   0   0   0   0   0   0   0   0   0   0   0   0   0   0   0   0   0   0   0
11  32  25  13      0   0   0   0   0   1   0   4   1   3   1   0   0   0   0   1   0   0   1   0   0   0   0   0   0   0   0   0   0   0   0   0   0   0   0   0   0   0   0   0   1   0   0   0   0   0   0   0   0   0   0   0   0   0   0   0   0   0   0   0
12  27  31  12      1   0   0   0   1   0   0   0   0   0   0   0   0   1   0   3   1   1   1   0   0   1   0   0   1   0   0   0   0   0   0   0   0   0   0   0   0   0   0   0   0   0   0   0   0   0   0   1   0   0   0   0   0   0   0   0   0   0   0   0
13  34  24  12      0   0   1   0   0   0   0   0   0   0   0   0   1   0   1   1   2   3   0   0   0   0   0   1   0   0   0   2   0   0   0   0   0   0   0   0   0   0   0   0   0   0   0   0   0   0   0   0   0   0   0   0   0   0   0   0   0   0   0   0
14  25  33  12      0   0   0   0   0   0   0   0   0   0   0   0   0   1   0   4   3   1   0   0   1   0   0   0   0   0   0   1   0   0   1   0   0   0   0   0   0   0   0   0   0   0   0   0   0   0   0   0   0   0   0   0   0   0   0   0   0   0   0   0
15  23  27  20      0   0   0   0   0   0   0   0   0   0   0   1   3   1   4   0   2   2   0   0   0   0   1   2   1   1   0   0   1   0   0   1   0   0   0   0   0   0   0   0   0   0   0   0   0   0   0   0   0   0   0   0   0   0   0   0   0   0   0   0
16  31  25  14      0   0   1   0   0   0   0   0   0   0   0   0   1   2   3   2   0   1   0   0   0   0   1   0   0   1   0   0   0   0   0   0   0   0   0   0   0   0   0   0   0   0   0   0   0   0   1   0   0   0   0   0   0   0   0   0   0   0   1   0
17  24  30  16      0   1   0   0   0   0   0   0   1   0   1   0   1   3   1   2   1   0   0   0   0   0   0   1   0   0   0   0   1   2   0   0   0   0   0   0   0   0   1   0   0   0   0   0   0   0   0   0   0   0   0   0   0   0   0   0   0   0   0   0
18  28  29  13      1   0   0   0   1   0   0   0   0   0   1   1   1   0   0   0   0   0   0   3   0   1   0   2   1   0   0   0   0   0   0   0   0   0   0   0   0   0   0   0   0   0   0   0   0   0   0   0   0   0   1   0   0   0   0   0   0   0   0   0
19  27  34   9      0   0   0   0   0   0   0   1   0   0   0   0   0   0   0   0   0   0   3   0   0   2   1   0   0   0   1   0   0   0   0   0   0   0   0   0   0   0   0   1   0   0   0   0   0   0   0   0   0   0   0   0   0   0   0   0   0   0   0   0
20  37  25   8      1   0   0   0   0   0   0   0   0   0   1   0   0   0   1   0   0   0   0   0   0   2   2   0   0   0   0   0   0   0   0   0   0   0   0   0   0   0   0   0   0   0   0   0   0   0   0   0   0   0   0   0   0   0   0   0   0   0   0   1
21  28  32  10      0   0   1   0   0   0   0   0   0   0   0   0   1   0   0   0   0   0   1   2   2   0   2   0   0   0   0   1   0   0   0   0   0   0   0   0   0   0   0   0   0   0   0   0   0   0   0   0   0   0   0   0   0   0   0   0   0   0   0   0
22  37  23  10      0   0   0   0   0   1   0   0   0   1   0   0   0   0   0   1   1   0   0   1   2   2   0   1   0   0   0   0   0   0   0   0   0   0   0   0   0   0   0   0   0   0   0   0   0   0   0   0   0   0   0   0   0   0   0   0   0   0   0   0
23  26  31  13      0   0   0   0   0   1   0   0   0   0   0   0   0   1   0   2   0   1   2   0   0   0   1   0   0   1   1   0   0   0   0   0   0   0   0   0   0   0   0   0   0   0   0   1   0   0   0   0   1   0   0   0   0   1   0   0   0   0   0   0
24  28  30  12      0   0   0   0   0   0   0   0   0   0   1   0   1   0   0   1   0   0   1   0   0   0   0   0   0   2   3   0   2   0   0   0   0   0   0   0   0   0   0   0   0   0   0   0   0   0   0   0   0   1   0   0   0   0   0   0   0   0   0   0
25  30  23  17      0   0   0   0   0   0   0   0   0   0   0   0   0   0   0   1   1   0   0   0   0   0   0   1   2   0   0   2   5   3   0   0   0   0   1   0   0   0   0   0   0   0   0   0   0   0   0   0   0   1   0   0   0   0   0   0   0   0   0   0
26  26  33  11      0   0   0   0   0   0   0   0   0   0   0   0   0   0   0   0   0   0   0   1   0   0   0   1   3   0   0   3   1   1   0   0   0   0   0   0   0   0   0   0   0   0   0   0   0   0   0   0   0   0   0   0   0   0   0   0   0   0   0   1
27  24  34  12      1   0   0   0   0   0   0   0   0   0   0   0   0   2   1   0   0   0   0   0   0   1   0   0   0   2   3   0   0   2   0   0   0   0   0   0   0   0   0   0   0   0   0   0   0   0   0   0   0   0   0   0   0   0   0   0   0   0   0   0
28  28  28  14      0   0   0   0   0   1   0   0   0   1   0   0   0   0   0   1   0   1   0   0   0   0   0   0   2   5   1   0   0   0   0   0   0   0   0   1   1   0   0   0   0   0   0   0   0   0   0   0   0   0   0   0   0   0   0   0   0   0   0   0
29  30  27  13      0   0   1   0   0   0   0   0   0   0   0   0   0   0   0   0   0   2   0   0   0   0   0   0   0   3   1   2   0   0   0   0   0   0   0   0   0   0   1   0   0   1   0   0   0   0   1   0   0   0   0   1   0   0   0   0   0   0   0   0
30  29  32   9      0   0   0   0   0   0   0   0   0   0   0   0   0   0   1   0   0   0   0   0   0   0   0   0   0   0   0   0   0   0   0   0   0   2   1   0   0   0   1   0   0   0   0   0   0   0   1   0   1   0   0   0   0   1   0   0   1   0   0   0
31  33  26  11      0   0   0   0   0   0   0   0   0   0   0   0   0   0   0   1   0   0   0   0   0   0   0   0   0   0   0   0   0   0   0   0   2   0   4   1   1   0   0   0   0   0   0   0   1   0   0   0   0   0   0   0   0   0   0   0   0   1   0   0
32  30  30  10      0   0   0   0   0   0   0   0   1   0   0   0   0   0   0   0   0   0   0   0   0   0   0   0   0   0   0   0   0   0   0   2   0   1   2   0   0   1   1   0   0   1   0   0   0   0   0   0   0   1   0   0   0   0   0   0   0   0   0   0
33  31  30   9      0   0   1   0   0   0   0   0   1   0   0   0   0   0   0   0   0   0   0   0   0   0   0   0   0   0   0   0   0   0   2   0   1   0   1   1   0   0   0   0   0   0   0   0   0   0   0   0   2   0   0   0   0   0   0   0   0   0   0   0
34  21  30  19      0   0   0   0   0   0   0   0   0   0   0   0   0   0   0   0   0   0   0   0   0   0   0   0   0   1   0   0   0   0   1   4   2   1   0   3   1   0   1   1   0   0   0   0   0   0   0   1   0   0   1   1   0   0   0   0   0   0   0   1
35  32  27  11      0   0   0   0   0   0   1   0   0   0   1   0   0   0   0   0   0   0   0   0   0   0   0   0   0   0   0   0   1   0   0   1   0   1   3   0   0   0   0   0   0   1   1   0   0   0   0   0   0   0   0   0   0   0   0   0   0   0   0   1
36  28  33   9      0   0   0   0   0   0   0   0   0   0   0   0   0   0   0   0   0   0   0   0   0   0   0   0   0   0   0   0   1   0   0   1   0   0   1   0   0   2   0   0   0   1   0   0   0   1   0   0   0   0   1   0   0   0   1   0   0   0   0   0
37  31  29  10      0   0   0   0   0   0   0   0   0   0   0   0   0   0   0   0   0   0   0   0   0   0   0   0   0   0   0   0   0   0   0   0   1   0   0   0   2   0   1   2   1   1   0   0   0   1   0   0   1   0   0   0   0   0   0   0   0   0   0   0
38  29  26  15      0   0   0   0   0   0   0   1   0   0   0   0   0   0   0   0   0   1   0   0   0   0   0   0   0   0   0   0   0   1   1   0   1   0   1   0   0   1   0   0   1   6   0   0   0   0   0   0   0   0   0   0   0   1   0   0   0   0   0   0
39  26  32  12      0   0   0   0   0   0   0   0   0   0   0   0   0   0   0   0   0   0   0   1   0   0   0   0   0   0   0   0   0   0   0   0   0   0   1   0   0   2   0   0   2   1   0   0   2   0   0   0   1   0   0   0   0   0   0   0   0   0   1   1
40  26  33  11      0   0   0   0   0   0   0   0   0   0   0   1   0   0   0   0   0   0   0   0   0   0   0   0   0   0   0   0   0   0   0   0   0   0   0   0   0   1   1   2   0   4   0   0   0   0   0   0   0   1   0   0   0   0   0   0   0   1   0   0
41  25  28  17      0   0   0   0   0   0   0   0   0   0   0   0   0   0   0   0   0   0   0   0   0   0   0   0   0   0   0   0   0   1   0   0   1   0   0   1   1   1   6   1   4   0   0   0   0   0   0   0   0   0   0   0   0   0   1   0   0   0   0   0
42  28  28  14      0   0   0   0   0   0   0   0   0   0   0   0   0   0   0   0   0   0   0   0   0   0   0   0   0   0   0   0   0   0   0   0   0   0   0   1   0   0   0   0   0   0   0   2   4   1   0   5   0   0   0   0   0   0   1   0   0   0   0   0
43  30  30  10      0   0   0   0   0   0   0   0   0   0   0   0   0   0   0   0   0   0   0   0   0   0   0   1   0   0   0   0   0   0   0   0   0   0   0   0   0   0   0   0   0   0   2   0   0   2   3   0   0   1   1   0   0   0   0   0   0   0   0   0
44  30  25  15      0   0   0   0   0   0   0   0   0   0   0   0   0   0   0   0   0   0   0   0   0   0   0   0   0   0   0   0   0   0   0   1   0   0   0   0   0   0   0   2   0   0   4   0   0   1   1   2   1   0   0   0   2   0   1   0   0   0   0   0
45  34  26  10      0   0   0   0   0   0   0   0   0   0   0   0   0   0   0   0   0   0   0   0   0   0   0   0   0   0   0   0   0   0   0   0   0   0   0   0   1   1   0   0   0   0   1   2   1   0   3   0   0   1   0   0   0   0   0   0   0   0   0   0
46  24  33  13      0   0   0   0   0   0   0   0   1   0   0   0   0   0   0   0   1   0   0   0   0   0   0   0   0   0   0   0   0   1   1   0   0   0   0   0   0   0   0   0   0   0   0   3   1   3   0   0   0   0   1   0   0   1   0   0   0   0   0   0
47  31  27  12      0   0   0   0   0   0   0   0   0   0   0   0   1   0   0   0   0   0   0   0   0   0   0   0   0   0   0   0   0   0   0   0   0   0   1   0   0   0   0   0   0   0   5   0   2   0   0   0   0   0   1   0   0   0   1   0   0   1   0   0
48  27  29  14      0   0   0   1   0   0   0   1   0   0   0   0   0   0   0   0   0   0   0   0   0   0   0   1   0   0   0   0   0   0   1   0   0   2   0   0   0   1   0   1   0   0   0   0   1   0   0   0   0   1   0   3   0   1   0   0   0   0   0   0
49  38  21  11      0   0   0   0   0   0   0   0   0   0   0   0   0   0   0   0   0   0   0   0   0   0   0   0   1   1   0   0   0   0   0   0   1   0   0   0   0   0   0   0   1   0   0   1   0   1   0   0   1   0   1   1   1   1   0   0   0   0   0   0
50  27  30  13      0   0   0   0   0   0   0   0   0   0   0   0   0   0   0   0   0   0   1   0   0   0   0   0   0   0   0   0   0   0   0   0   0   0   1   0   1   0   0   0   0   0   0   1   0   0   1   1   0   1   0   2   2   1   0   0   1   0   0   0
51  29  32   9      0   0   0   0   0   0   0   0   0   0   0   0   0   0   0   0   0   0   0   0   0   0   0   0   0   0   0   0   0   1   0   0   0   0   1   0   0   0   0   0   0   0   0   0   0   0   0   0   3   1   2   0   0   1   0   0   0   0   0   0
52  33  30   7      1   0   0   0   0   0   0   0   0   0   0   0   0   0   0   0   0   0   0   0   0   0   0   0   0   0   0   0   0   0   0   0   0   0   0   0   0   0   0   0   0   0   0   0   2   0   0   0   0   1   2   0   0   1   0   0   0   0   0   0
53  25  35  10      0   0   0   0   0   0   0   1   0   0   0   0   0   0   0   0   0   0   0   0   0   0   0   1   0   0   0   0   0   0   1   0   0   0   0   0   0   0   1   0   0   0   0   0   0   0   1   0   1   1   1   1   1   0   0   0   0   0   0   0
54  31  26  13      0   0   0   0   0   0   0   0   0   0   0   0   0   0   0   0   0   0   0   0   0   0   0   0   0   0   0   0   0   0   0   0   0   0   0   0   1   0   0   0   0   1   1   0   1   0   0   1   0   0   0   0   0   0   0   2   1   0   4   1
55  36  27   7      0   0   0   0   0   0   0   0   0   0   0   0   0   0   0   0   0   0   0   0   0   0   0   0   0   0   0   0   0   0   0   0   0   0   0   0   0   0   0   0   0   0   0   0   0   0   0   0   0   0   0   0   0   0   2   0   2   0   3   0
56  28  33   9      0   0   0   0   0   0   0   0   0   0   0   0   0   0   0   0   0   0   0   0   0   0   0   0   0   0   0   0   0   0   1   0   0   0   0   0   0   0   0   0   0   0   0   0   0   0   0   0   0   0   1   0   0   0   1   2   0   2   2   0
57  27  33  10      0   0   0   0   0   0   0   0   0   0   0   0   0   0   0   0   0   0   0   0   0   0   0   0   0   0   0   0   0   0   0   1   0   0   0   0   0   0   0   0   1   0   0   0   0   0   0   1   0   0   0   0   0   0   0   0   2   0   2   3
58  29  27  14      0   0   0   0   0   0   0   0   0   0   0   0   0   0   0   0   1   0   0   0   0   0   0   0   0   0   0   0   0   0   0   0   0   0   0   0   0   0   0   1   0   0   0   0   0   0   0   0   0   0   0   0   0   0   4   3   2   2   0   1
59  30  30  10      0   0   0   0   0   0   0   0   0   0   0   0   0   0   0   0   0   0   0   0   1   0   0   0   0   0   1   0   0   0   0   0   0   0   1   1   0   0   0   1   0   0   0   0   0   0   0   0   0   0   0   0   0   0   1   0   0   3   1   0
