12
 0  47  52   0     0  0  0  0  0  0  0  0  0  0  0  0
 1  49  50   0     0  0  0  0  0  0  0  0  0  0  0  0
 2  51  48   0     0  0  0  0  0  0  0  0  0  0  0  0
 3  46  53   0     0  0  0  0  0  0  0  0  0  0  0  0
 4  55  44   0     0  0  0  0  0  0  0  0  0  0  0  0
 5  46  53   0     0  0  0  0  0  0  0  0  0  0  0  0
 6  46  53   0     0  0  0  0  0  0  0  0  0  0  0  0
 7  54  45   0     0  0  0  0  0  0  0  0  0  0  0  0
 8  45  54   0     0  0  0  0  0  0  0  0  0  0  0  0
 9  49  50   0     0  0  0  0  0  0  0  0  0  0  0  0
10  51  48   0     0  0  0  0  0  0  0  0  0  0  0  0
11  55  44   0     0  0  0  0  0  0  0  0  0  0  0  0
